# DATA=JCOUPLINGS PRIOR=GAUSS
0 91.11 0.6809999999999999
1 91.11 0.6809999999999999
2 91.11 0.642
3 74.965 0.546
4 74.965 0.598
5 74.965 0.98
6 75.003 0.861
7 75.003 0.981
8 75.003 1.147
9 83.598 0.8170000000000001
10 83.598 1.1059999999999999
11 83.598 0.617
12 67.436 0.893
13 67.436 0.735
14 67.436 0.938
15 139.054 0.684
16 139.054 0.715
17 5.819 0.114
18 5.819 0.168
19 5.819 0.105
20 5.819 0.111
21 4.945 0.107
22 4.945 0.142
23 4.945 0.129
24 4.945 0.10099999999999999
25 4.726 0.113
26 4.726 0.124
27 4.726 0.08800000000000001
28 4.726 0.113
29 4.565 0.07400000000000001
30 4.565 0.075
31 4.565 0.071
32 4.565 0.094
33 8.133 0.161
34 8.133 0.20199999999999999
35 93.02 0.6809999999999999
36 93.02 0.6809999999999999
37 93.02 0.642
38 75.317 0.546
39 75.317 0.598
40 75.317 0.98
41 73.13600000000001 0.861
42 73.13600000000001 0.981
43 73.13600000000001 1.147
44 82.61 0.8170000000000001
45 82.61 1.1059999999999999
46 82.61 0.617
47 136.892 0.684
48 136.892 0.715
49 5.9079999999999995 0.114
50 5.9079999999999995 0.168
51 5.9079999999999995 0.105
52 5.9079999999999995 0.111
53 4.562 0.107
54 4.562 0.142
55 4.562 0.129
56 4.562 0.10099999999999999
57 4.558 0.113
58 4.558 0.124
59 4.558 0.08800000000000001
60 4.558 0.113
61 4.555 0.07400000000000001
62 4.555 0.075
63 4.555 0.071
64 4.555 0.094
65 7.627999999999999 0.161
66 7.627999999999999 0.20199999999999999
67 93.807 0.6809999999999999
68 93.807 0.6809999999999999
69 93.807 0.642
70 75.385 0.546
71 75.385 0.598
72 75.385 0.98
73 72.215 0.861
74 72.215 0.981
75 72.215 1.147
76 81.835 0.8170000000000001
77 81.835 1.1059999999999999
78 81.835 0.617
79 97.419 0.562
80 97.419 1.945
81 64.532 0.893
82 64.532 0.735
83 64.532 0.938
84 140.653 0.705
85 140.653 0.584
86 5.511 0.114
87 5.511 0.168
88 5.511 0.105
89 5.511 0.111
90 4.555 0.107
91 4.555 0.142
92 4.555 0.129
93 4.555 0.10099999999999999
94 4.521 0.113
95 4.521 0.124
96 4.521 0.08800000000000001
97 4.521 0.113
98 4.435 0.07400000000000001
99 4.435 0.075
100 4.435 0.071
101 4.435 0.094
102 5.255 0.12
103 5.255 0.114
104 4.57 0.314
105 4.57 0.271
106 4.57 0.303
107 4.57 0.312
108 4.106 0.132
109 4.106 0.12300000000000001
110 4.106 0.121
111 4.106 0.19399999999999998
112 7.657 0.099
113 7.657 0.11699999999999999
114 92.944 0.6809999999999999
115 92.944 0.6809999999999999
116 92.944 0.642
117 75.78399999999999 0.546
118 75.78399999999999 0.598
119 75.78399999999999 0.98
120 73.065 0.861
121 73.065 0.981
122 73.065 1.147
123 81.947 0.8170000000000001
124 81.947 1.1059999999999999
125 81.947 0.617
126 65.441 0.893
127 65.441 0.735
128 65.441 0.938
129 139.339 0.684
130 139.339 0.715
131 5.939 0.114
132 5.939 0.168
133 5.939 0.105
134 5.939 0.111
135 6.999 0.205
136 4.687 0.107
137 4.687 0.142
138 4.687 0.129
139 4.687 0.10099999999999999
140 4.655 0.113
141 4.655 0.124
142 4.655 0.08800000000000001
143 4.655 0.113
144 4.487 0.07400000000000001
145 4.487 0.075
146 4.487 0.071
147 4.487 0.094
148 4.53 0.314
149 4.53 0.271
150 4.53 0.303
151 4.53 0.312
152 4.148 0.132
153 4.148 0.12300000000000001
154 4.148 0.121
155 4.148 0.19399999999999998
156 7.944 0.161
157 7.944 0.20199999999999999
158 92.625 0.6809999999999999
159 92.625 0.6809999999999999
160 92.625 0.642
161 75.423 0.546
162 75.423 0.598
163 75.423 0.98
164 73.319 0.861
165 73.319 0.981
166 73.319 1.147
167 82.214 0.8170000000000001
168 82.214 1.1059999999999999
169 82.214 0.617
170 66.27199999999999 0.893
171 66.27199999999999 0.735
172 66.27199999999999 0.938
173 135.963 0.684
174 135.963 0.715
175 5.492000000000001 0.114
176 5.492000000000001 0.168
177 5.492000000000001 0.105
178 5.492000000000001 0.111
179 4.458 0.107
180 4.458 0.142
181 4.458 0.129
182 4.458 0.10099999999999999
183 4.376 0.113
184 4.376 0.124
185 4.376 0.08800000000000001
186 4.376 0.113
187 4.43 0.07400000000000001
188 4.43 0.075
189 4.43 0.071
190 4.43 0.094
191 4.4110000000000005 0.314
192 4.4110000000000005 0.271
193 4.4110000000000005 0.303
194 4.4110000000000005 0.312
195 4.034 0.132
196 4.034 0.12300000000000001
197 4.034 0.121
198 4.034 0.19399999999999998
199 7.053999999999999 0.161
200 7.053999999999999 0.20199999999999999
201 92.441 0.6809999999999999
202 92.441 0.6809999999999999
203 92.441 0.642
204 76.07600000000001 0.546
205 76.07600000000001 0.598
206 76.07600000000001 0.98
207 73.983 0.861
208 73.983 0.981
209 73.983 1.147
210 83.23899999999999 0.8170000000000001
211 83.23899999999999 1.1059999999999999
212 83.23899999999999 0.617
213 65.748 0.893
214 65.748 0.735
215 65.748 0.938
216 139.572 0.684
217 139.572 0.715
218 5.88 0.114
219 5.88 0.168
220 5.88 0.105
221 5.88 0.111
222 7.561 0.205
223 4.379 0.107
224 4.379 0.142
225 4.379 0.129
226 4.379 0.10099999999999999
227 4.431 0.113
228 4.431 0.124
229 4.431 0.08800000000000001
230 4.431 0.113
231 4.433 0.07400000000000001
232 4.433 0.075
233 4.433 0.071
234 4.433 0.094
235 4.427 0.314
236 4.427 0.271
237 4.427 0.303
238 4.427 0.312
239 4.046 0.132
240 4.046 0.12300000000000001
241 4.046 0.121
242 4.046 0.19399999999999998
243 7.598 0.161
244 7.598 0.20199999999999999
245 90.829 0.6809999999999999
246 90.829 0.6809999999999999
247 90.829 0.642
248 75.733 0.546
249 75.733 0.598
250 75.733 0.98
251 76.18 0.861
252 76.18 0.981
253 76.18 1.147
254 84.329 0.8170000000000001
255 84.329 1.1059999999999999
256 84.329 0.617
257 104.471 0.562
258 104.471 1.945
259 66.514 0.893
260 66.514 0.735
261 66.514 0.938
262 142.006 0.705
263 142.006 0.584
264 5.5889999999999995 0.114
265 5.5889999999999995 0.168
266 5.5889999999999995 0.105
267 5.5889999999999995 0.111
268 4.119 0.107
269 4.119 0.142
270 4.119 0.129
271 4.119 0.10099999999999999
272 4.485 0.113
273 4.485 0.124
274 4.485 0.08800000000000001
275 4.485 0.113
276 4.36 0.07400000000000001
277 4.36 0.075
278 4.36 0.071
279 4.36 0.094
280 5.3229999999999995 0.12
281 5.3229999999999995 0.114
282 4.031000000000001 0.314
283 4.031000000000001 0.271
284 4.031000000000001 0.303
285 4.031000000000001 0.312
286 4.248 0.132
287 4.248 0.12300000000000001
288 4.248 0.121
289 4.248 0.19399999999999998
290 7.417000000000001 0.099
291 7.417000000000001 0.11699999999999999
292 92.18299999999999 0.6809999999999999
293 92.18299999999999 0.6809999999999999
294 92.18299999999999 0.642
295 75.904 0.546
296 75.904 0.598
297 75.904 0.98
298 75.703 0.861
299 75.703 0.981
300 75.703 1.147
301 83.90700000000001 0.8170000000000001
302 83.90700000000001 1.1059999999999999
303 83.90700000000001 0.617
304 98.575 0.562
305 98.575 1.945
306 67.024 0.893
307 67.024 0.735
308 67.024 0.938
309 143.334 0.705
310 143.334 0.584
311 5.787999999999999 0.114
312 5.787999999999999 0.168
313 5.787999999999999 0.105
314 5.787999999999999 0.111
315 4.332 0.107
316 4.332 0.142
317 4.332 0.129
318 4.332 0.10099999999999999
319 4.492 0.113
320 4.492 0.124
321 4.492 0.08800000000000001
322 4.492 0.113
323 4.357 0.07400000000000001
324 4.357 0.075
325 4.357 0.071
326 4.357 0.094
327 5.874 0.12
328 5.874 0.114
329 4.085 0.314
330 4.085 0.271
331 4.085 0.303
332 4.085 0.312
333 4.208 0.132
334 4.208 0.12300000000000001
335 4.208 0.121
336 4.208 0.19399999999999998
337 7.757000000000001 0.099
338 7.757000000000001 0.11699999999999999
339 92.197 0.6809999999999999
340 92.197 0.6809999999999999
341 92.197 0.642
342 75.396 0.546
343 75.396 0.598
344 75.396 0.98
345 75.00399999999999 0.861
346 75.00399999999999 0.981
347 75.00399999999999 1.147
348 83.874 0.8170000000000001
349 83.874 1.1059999999999999
350 83.874 0.617
351 104.697 0.562
352 104.697 1.945
353 66.736 0.893
354 66.736 0.735
355 66.736 0.938
356 143.114 0.705
357 143.114 0.584
358 5.777 0.114
359 5.777 0.168
360 5.777 0.105
361 5.777 0.111
362 4.518 0.107
363 4.518 0.142
364 4.518 0.129
365 4.518 0.10099999999999999
366 4.579 0.113
367 4.579 0.124
368 4.579 0.08800000000000001
369 4.579 0.113
370 4.4639999999999995 0.07400000000000001
371 4.4639999999999995 0.075
372 4.4639999999999995 0.071
373 4.4639999999999995 0.094
374 5.796 0.12
375 5.796 0.114
376 4.294 0.314
377 4.294 0.271
378 4.294 0.303
379 4.294 0.312
380 4.138 0.132
381 4.138 0.12300000000000001
382 4.138 0.121
383 4.138 0.19399999999999998
384 7.845 0.099
385 7.845 0.11699999999999999
386 92.12700000000001 0.6809999999999999
387 92.12700000000001 0.6809999999999999
388 92.12700000000001 0.642
389 75.442 0.546
390 75.442 0.598
391 75.442 0.98
392 74.187 0.861
393 74.187 0.981
394 74.187 1.147
395 82.80799999999999 0.8170000000000001
396 82.80799999999999 1.1059999999999999
397 82.80799999999999 0.617
398 66.654 0.893
399 66.654 0.735
400 66.654 0.938
401 137.523 0.684
402 137.523 0.715
403 5.803 0.114
404 5.803 0.168
405 5.803 0.105
406 5.803 0.111
407 4.788 0.107
408 4.788 0.142
409 4.788 0.129
410 4.788 0.10099999999999999
411 4.678999999999999 0.113
412 4.678999999999999 0.124
413 4.678999999999999 0.08800000000000001
414 4.678999999999999 0.113
415 4.53 0.07400000000000001
416 4.53 0.075
417 4.53 0.071
418 4.53 0.094
419 4.423 0.314
420 4.423 0.271
421 4.423 0.303
422 4.423 0.312
423 4.199 0.132
424 4.199 0.12300000000000001
425 4.199 0.121
426 4.199 0.19399999999999998
427 7.85 0.161
428 7.85 0.20199999999999999
429 93.065 0.6809999999999999
430 93.065 0.6809999999999999
431 93.065 0.642
432 75.646 0.546
433 75.646 0.598
434 75.646 0.98
435 73.39 0.861
436 73.39 0.981
437 73.39 1.147
438 82.395 0.8170000000000001
439 82.395 1.1059999999999999
440 82.395 0.617
441 66.107 0.893
442 66.107 0.735
443 66.107 0.938
444 139.842 0.684
445 139.842 0.715
446 6.037999999999999 0.114
447 6.037999999999999 0.168
448 6.037999999999999 0.105
449 6.037999999999999 0.111
450 7.544 0.205
451 4.803 0.107
452 4.803 0.142
453 4.803 0.129
454 4.803 0.10099999999999999
455 4.668 0.113
456 4.668 0.124
457 4.668 0.08800000000000001
458 4.668 0.113
459 4.582 0.07400000000000001
460 4.582 0.075
461 4.582 0.071
462 4.582 0.094
463 4.548 0.314
464 4.548 0.271
465 4.548 0.303
466 4.548 0.312
467 4.246 0.132
468 4.246 0.12300000000000001
469 4.246 0.121
470 4.246 0.19399999999999998
471 7.872999999999999 0.161
472 7.872999999999999 0.20199999999999999
473 92.87200000000001 0.6809999999999999
474 92.87200000000001 0.6809999999999999
475 92.87200000000001 0.642
476 75.303 0.546
477 75.303 0.598
478 75.303 0.98
479 72.944 0.861
480 72.944 0.981
481 72.944 1.147
482 82.04799999999999 0.8170000000000001
483 82.04799999999999 1.1059999999999999
484 82.04799999999999 0.617
485 65.865 0.893
486 65.865 0.735
487 65.865 0.938
488 135.701 0.684
489 135.701 0.715
490 5.682 0.114
491 5.682 0.168
492 5.682 0.105
493 5.682 0.111
494 4.494 0.107
495 4.494 0.142
496 4.494 0.129
497 4.494 0.10099999999999999
498 4.408 0.113
499 4.408 0.124
500 4.408 0.08800000000000001
501 4.408 0.113
502 4.496 0.07400000000000001
503 4.496 0.075
504 4.496 0.071
505 4.496 0.094
506 4.482 0.314
507 4.482 0.271
508 4.482 0.303
509 4.482 0.312
510 4.091 0.132
511 4.091 0.12300000000000001
512 4.091 0.121
513 4.091 0.19399999999999998
514 7.235 0.161
515 7.235 0.20199999999999999
516 94.45100000000001 0.6809999999999999
517 94.45100000000001 0.6809999999999999
518 94.45100000000001 0.642
519 75.47 0.546
520 75.47 0.598
521 75.47 0.98
522 72.117 0.861
523 72.117 0.981
524 72.117 1.147
525 82.057 0.8170000000000001
526 82.057 1.1059999999999999
527 82.057 0.617
528 97.185 0.562
529 97.185 1.945
530 64.358 0.893
531 64.358 0.735
532 64.358 0.938
533 140.884 0.705
534 140.884 0.584
535 5.5 0.114
536 5.5 0.168
537 5.5 0.105
538 5.5 0.111
539 4.251 0.107
540 4.251 0.142
541 4.251 0.129
542 4.251 0.10099999999999999
543 4.417 0.113
544 4.417 0.124
545 4.417 0.08800000000000001
546 4.417 0.113
547 4.382 0.07400000000000001
548 4.382 0.075
549 4.382 0.071
550 4.382 0.094
551 5.15 0.12
552 5.15 0.114
553 4.564 0.314
554 4.564 0.271
555 4.564 0.303
556 4.564 0.312
557 4.0569999999999995 0.132
558 4.0569999999999995 0.12300000000000001
559 4.0569999999999995 0.121
560 4.0569999999999995 0.19399999999999998
561 7.531000000000001 0.099
562 7.531000000000001 0.11699999999999999
563 91.87899999999999 0.6809999999999999
564 91.87899999999999 0.6809999999999999
565 91.87899999999999 0.642
566 75.377 0.546
567 75.377 0.598
568 75.377 0.98
569 75.87899999999999 0.861
570 75.87899999999999 0.981
571 75.87899999999999 1.147
572 83.868 0.8170000000000001
573 83.868 1.1059999999999999
574 83.868 0.617
575 98.766 0.562
576 98.766 1.945
577 65.867 0.893
578 65.867 0.735
579 65.867 0.938
580 141.933 0.705
581 141.933 0.584
582 5.8870000000000005 0.114
583 5.8870000000000005 0.168
584 5.8870000000000005 0.105
585 5.8870000000000005 0.111
586 4.4830000000000005 0.107
587 4.4830000000000005 0.142
588 4.4830000000000005 0.129
589 4.4830000000000005 0.10099999999999999
590 4.401 0.113
591 4.401 0.124
592 4.401 0.08800000000000001
593 4.401 0.113
594 4.37 0.07400000000000001
595 4.37 0.075
596 4.37 0.071
597 4.37 0.094
598 5.546 0.12
599 5.546 0.114
600 4.449 0.314
601 4.449 0.271
602 4.449 0.303
603 4.449 0.312
604 4.058 0.132
605 4.058 0.12300000000000001
606 4.058 0.121
607 4.058 0.19399999999999998
608 7.655 0.099
609 7.655 0.11699999999999999
610 90.985 0.6809999999999999
611 90.985 0.6809999999999999
612 90.985 0.642
613 75.58 0.546
614 75.58 0.598
615 75.58 0.98
616 76.442 0.861
617 76.442 0.981
618 76.442 1.147
619 84.819 0.8170000000000001
620 84.819 1.1059999999999999
621 84.819 0.617
622 105.197 0.562
623 105.197 1.945
624 67.304 0.893
625 67.304 0.735
626 67.304 0.938
627 143.38 0.705
628 143.38 0.584
629 5.729 0.114
630 5.729 0.168
631 5.729 0.105
632 5.729 0.111
633 4.281000000000001 0.107
634 4.281000000000001 0.142
635 4.281000000000001 0.129
636 4.281000000000001 0.10099999999999999
637 4.511 0.113
638 4.511 0.124
639 4.511 0.08800000000000001
640 4.511 0.113
641 4.257 0.07400000000000001
642 4.257 0.075
643 4.257 0.071
644 4.257 0.094
645 5.787999999999999 0.12
646 5.787999999999999 0.114
647 3.977 0.314
648 3.977 0.271
649 3.977 0.303
650 3.977 0.312
651 7.752999999999999 0.099
652 7.752999999999999 0.11699999999999999
653 89.535 0.6809999999999999
654 89.535 0.6809999999999999
655 89.535 0.642
656 75.32300000000001 0.546
657 75.32300000000001 0.598
658 75.32300000000001 0.98
659 77.803 0.861
660 77.803 0.981
661 77.803 1.147
662 85.181 0.8170000000000001
663 85.181 1.1059999999999999
664 85.181 0.617
665 67.794 0.893
666 67.794 0.735
667 67.794 0.938
668 140.596 0.684
669 140.596 0.715
670 5.495 0.114
671 5.495 0.168
672 5.495 0.105
673 5.495 0.111
674 4.635 0.107
675 4.635 0.142
676 4.635 0.129
677 4.635 0.10099999999999999
678 4.625 0.113
679 4.625 0.124
680 4.625 0.08800000000000001
681 4.625 0.113
682 4.123 0.07400000000000001
683 4.123 0.075
684 4.123 0.071
685 4.123 0.094
686 4.002 0.314
687 4.002 0.271
688 4.002 0.303
689 4.002 0.312
690 7.8020000000000005 0.161
691 7.8020000000000005 0.20199999999999999
692 89.889 0.6809999999999999
693 89.889 0.6809999999999999
694 89.889 0.642
695 75.768 0.546
696 75.768 0.598
697 75.768 0.98
698 77.286 0.861
699 77.286 0.981
700 77.286 1.147
701 84.738 0.8170000000000001
702 84.738 1.1059999999999999
703 84.738 0.617
704 67.814 0.893
705 67.814 0.735
706 67.814 0.938
707 139.519 0.684
708 139.519 0.715
709 5.515 0.114
710 5.515 0.168
711 5.515 0.105
712 5.515 0.111
713 4.521 0.107
714 4.521 0.142
715 4.521 0.129
716 4.521 0.10099999999999999
717 4.663 0.113
718 4.663 0.124
719 4.663 0.08800000000000001
720 4.663 0.113
721 4.004 0.07400000000000001
722 4.004 0.075
723 4.004 0.071
724 4.004 0.094
725 3.8960000000000004 0.314
726 3.8960000000000004 0.271
727 3.8960000000000004 0.303
728 3.8960000000000004 0.312
729 7.65 0.161
730 7.65 0.20199999999999999
731 89.374 0.6809999999999999
732 89.374 0.6809999999999999
733 89.374 0.642
734 75.679 0.546
735 75.679 0.598
736 75.679 0.98
737 76.405 0.861
738 76.405 0.981
739 76.405 1.147
740 84.546 0.8170000000000001
741 84.546 1.1059999999999999
742 84.546 0.617
743 67.577 0.893
744 67.577 0.735
745 67.577 0.938
746 138.93 0.684
747 138.93 0.715
748 5.941 0.114
749 5.941 0.168
750 5.941 0.105
751 5.941 0.111
752 4.96 0.107
753 4.96 0.142
754 4.96 0.129
755 4.96 0.10099999999999999
756 5.001 0.113
757 5.001 0.124
758 5.001 0.08800000000000001
759 5.001 0.113
760 4.5 0.07400000000000001
761 4.5 0.075
762 4.5 0.071
763 4.5 0.094
764 4.125 0.314
765 4.125 0.271
766 4.125 0.303
767 4.125 0.312
768 4.2219999999999995 0.132
769 4.2219999999999995 0.12300000000000001
770 4.2219999999999995 0.121
771 4.2219999999999995 0.19399999999999998
772 7.902 0.161
773 7.902 0.20199999999999999
774 90.735 0.6809999999999999
775 90.735 0.6809999999999999
776 90.735 0.642
777 76.205 0.546
778 76.205 0.598
779 76.205 0.98
780 75.857 0.861
781 75.857 0.981
782 75.857 1.147
783 85.084 0.8170000000000001
784 85.084 1.1059999999999999
785 85.084 0.617
786 68.255 0.893
787 68.255 0.735
788 68.255 0.938
789 142.601 0.684
790 142.601 0.715
791 6.05 0.114
792 6.05 0.168
793 6.05 0.105
794 6.05 0.111
795 8.232000000000001 0.205
796 4.869 0.107
797 4.869 0.142
798 4.869 0.129
799 4.869 0.10099999999999999
800 4.918 0.113
801 4.918 0.124
802 4.918 0.08800000000000001
803 4.918 0.113
804 4.625 0.07400000000000001
805 4.625 0.075
806 4.625 0.071
807 4.625 0.094
808 4.357 0.314
809 4.357 0.271
810 4.357 0.303
811 4.357 0.312
812 8.424 0.161
813 8.424 0.20199999999999999
814 93.398 0.6809999999999999
815 93.398 0.6809999999999999
816 93.398 0.642
817 74.935 0.546
818 74.935 0.598
819 74.935 0.98
820 73.417 0.861
821 73.417 0.981
822 73.417 1.147
823 82.904 0.8170000000000001
824 82.904 1.1059999999999999
825 82.904 0.617
826 66.35 0.893
827 66.35 0.735
828 66.35 0.938
829 136.81 0.684
830 136.81 0.715
831 5.502999999999999 0.114
832 5.502999999999999 0.168
833 5.502999999999999 0.105
834 5.502999999999999 0.111
835 4.558 0.107
836 4.558 0.142
837 4.558 0.129
838 4.558 0.10099999999999999
839 4.4719999999999995 0.113
840 4.4719999999999995 0.124
841 4.4719999999999995 0.08800000000000001
842 4.4719999999999995 0.113
843 4.52 0.07400000000000001
844 4.52 0.075
845 4.52 0.071
846 4.52 0.094
847 4.475 0.314
848 4.475 0.271
849 4.475 0.303
850 4.475 0.312
851 4.183 0.132
852 4.183 0.12300000000000001
853 4.183 0.121
854 4.183 0.19399999999999998
855 7.417000000000001 0.161
856 7.417000000000001 0.20199999999999999
857 94.07 0.6809999999999999
858 94.07 0.6809999999999999
859 94.07 0.642
860 75.469 0.546
861 75.469 0.598
862 75.469 0.98
863 72.05 0.861
864 72.05 0.981
865 72.05 1.147
866 81.943 0.8170000000000001
867 81.943 1.1059999999999999
868 81.943 0.617
869 96.80799999999999 0.562
870 96.80799999999999 1.945
871 64.357 0.893
872 64.357 0.735
873 64.357 0.938
874 141.464 0.705
875 141.464 0.584
876 5.572 0.114
877 5.572 0.168
878 5.572 0.105
879 5.572 0.111
880 4.381 0.107
881 4.381 0.142
882 4.381 0.129
883 4.381 0.10099999999999999
884 4.5 0.113
885 4.5 0.124
886 4.5 0.08800000000000001
887 4.5 0.113
888 4.447 0.07400000000000001
889 4.447 0.075
890 4.447 0.071
891 4.447 0.094
892 5.255 0.12
893 5.255 0.114
894 4.582 0.314
895 4.582 0.271
896 4.582 0.303
897 4.582 0.312
898 4.09 0.132
899 4.09 0.12300000000000001
900 4.09 0.121
901 4.09 0.19399999999999998
902 7.789 0.099
903 7.789 0.11699999999999999
904 93.77 0.6809999999999999
905 93.77 0.6809999999999999
906 93.77 0.642
907 75.392 0.546
908 75.392 0.598
909 75.392 0.98
910 72.3 0.861
911 72.3 0.981
912 72.3 1.147
913 82.052 0.8170000000000001
914 82.052 1.1059999999999999
915 82.052 0.617
916 103.339 0.562
917 103.339 1.945
918 64.48 0.893
919 64.48 0.735
920 64.48 0.938
921 142.062 0.705
922 142.062 0.584
923 5.603 0.114
924 5.603 0.168
925 5.603 0.105
926 5.603 0.111
927 4.55 0.107
928 4.55 0.142
929 4.55 0.129
930 4.55 0.10099999999999999
931 4.529 0.113
932 4.529 0.124
933 4.529 0.08800000000000001
934 4.529 0.113
935 4.439 0.07400000000000001
936 4.439 0.075
937 4.439 0.071
938 4.439 0.094
939 5.433 0.12
940 5.433 0.114
941 4.573 0.314
942 4.573 0.271
943 4.573 0.303
944 4.573 0.312
945 4.1080000000000005 0.132
946 4.1080000000000005 0.12300000000000001
947 4.1080000000000005 0.121
948 4.1080000000000005 0.19399999999999998
949 7.897 0.099
950 7.897 0.11699999999999999
951 93.927 0.6809999999999999
952 93.927 0.6809999999999999
953 93.927 0.642
954 75.806 0.546
955 75.806 0.598
956 75.806 0.98
957 73.08 0.861
958 73.08 0.981
959 73.08 1.147
960 82.365 0.8170000000000001
961 82.365 1.1059999999999999
962 82.365 0.617
963 97.96600000000001 0.562
964 97.96600000000001 1.945
965 65.598 0.893
966 65.598 0.735
967 65.598 0.938
968 141.53799999999998 0.705
969 141.53799999999998 0.584
970 5.625 0.114
971 5.625 0.168
972 5.625 0.105
973 5.625 0.111
974 4.376 0.107
975 4.376 0.142
976 4.376 0.129
977 4.376 0.10099999999999999
978 4.349 0.113
979 4.349 0.124
980 4.349 0.08800000000000001
981 4.349 0.113
982 4.473 0.07400000000000001
983 4.473 0.075
984 4.473 0.071
985 4.473 0.094
986 5.666 0.12
987 5.666 0.114
988 4.5 0.314
989 4.5 0.271
990 4.5 0.303
991 4.5 0.312
992 4.121 0.132
993 4.121 0.12300000000000001
994 4.121 0.121
995 4.121 0.19399999999999998
996 7.742999999999999 0.099
997 7.742999999999999 0.11699999999999999
998 93.12299999999999 0.6809999999999999
999 93.12299999999999 0.6809999999999999
1000 93.12299999999999 0.642
1001 75.668 0.546
1002 75.668 0.598
1003 75.668 0.98
1004 73.363 0.861
1005 73.363 0.981
1006 73.363 1.147
1007 83.295 0.8170000000000001
1008 83.295 1.1059999999999999
1009 83.295 0.617
1010 104.43299999999999 0.562
1011 104.43299999999999 1.945
1012 65.175 0.893
1013 65.175 0.735
1014 65.175 0.938
1015 141.88 0.705
1016 141.88 0.584
1017 5.669 0.114
1018 5.669 0.168
1019 5.669 0.105
1020 5.669 0.111
1021 4.333 0.107
1022 4.333 0.142
1023 4.333 0.129
1024 4.333 0.10099999999999999
1025 4.561 0.113
1026 4.561 0.124
1027 4.561 0.08800000000000001
1028 4.561 0.113
1029 4.41 0.07400000000000001
1030 4.41 0.075
1031 4.41 0.071
1032 4.41 0.094
1033 5.64 0.12
1034 5.64 0.114
1035 4.4719999999999995 0.314
1036 4.4719999999999995 0.271
1037 4.4719999999999995 0.303
1038 4.4719999999999995 0.312
1039 4.133 0.132
1040 4.133 0.12300000000000001
1041 4.133 0.121
1042 4.133 0.19399999999999998
1043 7.832000000000001 0.099
1044 7.832000000000001 0.11699999999999999
1045 94.103 0.6809999999999999
1046 94.103 0.6809999999999999
1047 94.103 0.642
1048 75.35600000000001 0.546
1049 75.35600000000001 0.598
1050 75.35600000000001 0.98
1051 72.903 0.861
1052 72.903 0.981
1053 72.903 1.147
1054 82.36200000000001 0.8170000000000001
1055 82.36200000000001 1.1059999999999999
1056 82.36200000000001 0.617
1057 98.20100000000001 0.562
1058 98.20100000000001 1.945
1059 65.407 0.893
1060 65.407 0.735
1061 65.407 0.938
1062 142.34 0.705
1063 142.34 0.584
1064 5.492999999999999 0.114
1065 5.492999999999999 0.168
1066 5.492999999999999 0.105
1067 5.492999999999999 0.111
1068 4.377 0.107
1069 4.377 0.142
1070 4.377 0.129
1071 4.377 0.10099999999999999
1072 4.471 0.113
1073 4.471 0.124
1074 4.471 0.08800000000000001
1075 4.471 0.113
1076 4.4510000000000005 0.07400000000000001
1077 4.4510000000000005 0.075
1078 4.4510000000000005 0.071
1079 4.4510000000000005 0.094
1080 5.897 0.12
1081 5.897 0.114
1082 4.433 0.314
1083 4.433 0.271
1084 4.433 0.303
1085 4.433 0.312
1086 4.138999999999999 0.132
1087 4.138999999999999 0.12300000000000001
1088 4.138999999999999 0.121
1089 4.138999999999999 0.19399999999999998
1090 7.976 0.099
1091 7.976 0.11699999999999999
1092 93.604 0.6809999999999999
1093 93.604 0.6809999999999999
1094 93.604 0.642
1095 75.133 0.546
1096 75.133 0.598
1097 75.133 0.98
1098 72.595 0.861
1099 72.595 0.981
1100 72.595 1.147
1101 82.155 0.8170000000000001
1102 82.155 1.1059999999999999
1103 82.155 0.617
1104 103.7 0.562
1105 103.7 1.945
1106 64.835 0.893
1107 64.835 0.735
1108 64.835 0.938
1109 141.944 0.705
1110 141.944 0.584
1111 5.489 0.114
1112 5.489 0.168
1113 5.489 0.105
1114 5.489 0.111
1115 4.598 0.107
1116 4.598 0.142
1117 4.598 0.129
1118 4.598 0.10099999999999999
1119 4.607 0.113
1120 4.607 0.124
1121 4.607 0.08800000000000001
1122 4.607 0.113
1123 4.444 0.07400000000000001
1124 4.444 0.075
1125 4.444 0.071
1126 4.444 0.094
1127 5.443 0.12
1128 5.443 0.114
1129 4.558 0.314
1130 4.558 0.271
1131 4.558 0.303
1132 4.558 0.312
1133 4.127 0.132
1134 4.127 0.12300000000000001
1135 4.127 0.121
1136 4.127 0.19399999999999998
1137 7.874 0.099
1138 7.874 0.11699999999999999
1139 92.765 0.6809999999999999
1140 92.765 0.6809999999999999
1141 92.765 0.642
1142 75.355 0.546
1143 75.355 0.598
1144 75.355 0.98
1145 72.741 0.861
1146 72.741 0.981
1147 72.741 1.147
1148 81.99700000000001 0.8170000000000001
1149 81.99700000000001 1.1059999999999999
1150 81.99700000000001 0.617
1151 65.303 0.893
1152 65.303 0.735
1153 65.303 0.938
1154 136.389 0.684
1155 136.389 0.715
1156 5.792999999999999 0.114
1157 5.792999999999999 0.168
1158 5.792999999999999 0.105
1159 5.792999999999999 0.111
1160 4.488 0.107
1161 4.488 0.142
1162 4.488 0.129
1163 4.488 0.10099999999999999
1164 4.6080000000000005 0.113
1165 4.6080000000000005 0.124
1166 4.6080000000000005 0.08800000000000001
1167 4.6080000000000005 0.113
1168 4.482 0.07400000000000001
1169 4.482 0.075
1170 4.482 0.071
1171 4.482 0.094
1172 4.5360000000000005 0.314
1173 4.5360000000000005 0.271
1174 4.5360000000000005 0.303
1175 4.5360000000000005 0.312
1176 4.143 0.132
1177 4.143 0.12300000000000001
1178 4.143 0.121
1179 4.143 0.19399999999999998
1180 7.776 0.161
1181 7.776 0.20199999999999999
1182 94.1 0.6809999999999999
1183 94.1 0.6809999999999999
1184 94.1 0.642
1185 75.559 0.546
1186 75.559 0.598
1187 75.559 0.98
1188 71.98100000000001 0.861
1189 71.98100000000001 0.981
1190 71.98100000000001 1.147
1191 81.91199999999999 0.8170000000000001
1192 81.91199999999999 1.1059999999999999
1193 81.91199999999999 0.617
1194 96.905 0.562
1195 96.905 1.945
1196 64.358 0.893
1197 64.358 0.735
1198 64.358 0.938
1199 141.0 0.705
1200 141.0 0.584
1201 5.468999999999999 0.114
1202 5.468999999999999 0.168
1203 5.468999999999999 0.105
1204 5.468999999999999 0.111
1205 4.217 0.107
1206 4.217 0.142
1207 4.217 0.129
1208 4.217 0.10099999999999999
1209 4.433 0.113
1210 4.433 0.124
1211 4.433 0.08800000000000001
1212 4.433 0.113
1213 4.38 0.07400000000000001
1214 4.38 0.075
1215 4.38 0.071
1216 4.38 0.094
1217 5.204 0.12
1218 5.204 0.114
1219 4.562 0.314
1220 4.562 0.271
1221 4.562 0.303
1222 4.562 0.312
1223 4.0569999999999995 0.132
1224 4.0569999999999995 0.12300000000000001
1225 4.0569999999999995 0.121
1226 4.0569999999999995 0.19399999999999998
1227 7.664 0.099
1228 7.664 0.11699999999999999
1229 92.926 0.6809999999999999
1230 92.926 0.6809999999999999
1231 92.926 0.642
1232 77.548 0.546
1233 77.548 0.598
1234 77.548 0.98
1235 69.655 0.861
1236 69.655 0.981
1237 69.655 1.147
1238 83.387 0.8170000000000001
1239 83.387 1.1059999999999999
1240 83.387 0.617
1241 98.17399999999999 0.562
1242 98.17399999999999 1.945
1243 65.085 0.893
1244 65.085 0.735
1245 65.085 0.938
1246 141.719 0.705
1247 141.719 0.584
1248 5.747000000000001 0.114
1249 5.747000000000001 0.168
1250 5.747000000000001 0.105
1251 5.747000000000001 0.111
1252 3.9960000000000004 0.107
1253 3.9960000000000004 0.142
1254 3.9960000000000004 0.129
1255 3.9960000000000004 0.10099999999999999
1256 4.1610000000000005 0.113
1257 4.1610000000000005 0.124
1258 4.1610000000000005 0.08800000000000001
1259 4.1610000000000005 0.113
1260 4.151 0.07400000000000001
1261 4.151 0.075
1262 4.151 0.071
1263 4.151 0.094
1264 5.505 0.12
1265 5.505 0.114
1266 4.466 0.314
1267 4.466 0.271
1268 4.466 0.303
1269 4.466 0.312
1270 4.016 0.132
1271 4.016 0.12300000000000001
1272 4.016 0.121
1273 4.016 0.19399999999999998
1274 7.65 0.099
1275 7.65 0.11699999999999999
