# DATA=JCOUPLINGS PRIOR=GAUSS
6900 91.11 0.6809999999999999
6901 91.11 0.6809999999999999
6902 91.11 0.642
5160 74.965 0.546
5161 74.965 0.598
5162 74.965 0.98
3420 75.003 0.861
3421 75.003 0.981
3422 75.003 1.147
1680 83.598 0.8170000000000001
1681 83.598 1.1059999999999999
1682 83.598 0.617
0 67.436 0.893
1 67.436 0.735
2 67.436 0.938
8640 139.054 0.684
8641 139.054 0.715
16160 5.819 0.114
16161 5.819 0.168
16162 5.819 0.105
16163 5.819 0.111
13840 4.945 0.107
13841 4.945 0.142
13842 4.945 0.129
13843 4.945 0.10099999999999999
11520 4.726 0.113
11521 4.726 0.124
11522 4.726 0.08800000000000001
11523 4.726 0.113
9200 4.565 0.07400000000000001
9201 4.565 0.075
9202 4.565 0.071
9203 4.565 0.094
18480 8.133 0.161
18481 8.133 0.20199999999999999
6960 93.02 0.6809999999999999
6961 93.02 0.6809999999999999
6962 93.02 0.642
5220 75.317 0.546
5221 75.317 0.598
5222 75.317 0.98
3480 73.13600000000001 0.861
3481 73.13600000000001 0.981
3482 73.13600000000001 1.147
1740 82.61 0.8170000000000001
1741 82.61 1.1059999999999999
1742 82.61 0.617
8680 136.892 0.684
8681 136.892 0.715
16240 5.9079999999999995 0.114
16241 5.9079999999999995 0.168
16242 5.9079999999999995 0.105
16243 5.9079999999999995 0.111
13920 4.562 0.107
13921 4.562 0.142
13922 4.562 0.129
13923 4.562 0.10099999999999999
11600 4.558 0.113
11601 4.558 0.124
11602 4.558 0.08800000000000001
11603 4.558 0.113
9280 4.555 0.07400000000000001
9281 4.555 0.075
9282 4.555 0.071
9283 4.555 0.094
18520 7.627999999999999 0.161
18521 7.627999999999999 0.20199999999999999
7020 93.807 0.6809999999999999
7021 93.807 0.6809999999999999
7022 93.807 0.642
5280 75.385 0.546
5281 75.385 0.598
5282 75.385 0.98
3540 72.215 0.861
3541 72.215 0.981
3542 72.215 1.147
1800 81.835 0.8170000000000001
1801 81.835 1.1059999999999999
1802 81.835 0.617
19040 97.419 0.562
19041 97.419 1.945
60 64.532 0.893
61 64.532 0.735
62 64.532 0.938
19640 140.653 0.705
19641 140.653 0.584
16320 5.511 0.114
16321 5.511 0.168
16322 5.511 0.105
16323 5.511 0.111
14000 4.555 0.107
14001 4.555 0.142
14002 4.555 0.129
14003 4.555 0.10099999999999999
11680 4.521 0.113
11681 4.521 0.124
11682 4.521 0.08800000000000001
11683 4.521 0.113
9360 4.435 0.07400000000000001
9361 4.435 0.075
9362 4.435 0.071
9363 4.435 0.094
24240 5.255 0.12
24241 5.255 0.114
20240 4.57 0.314
20241 4.57 0.271
20242 4.57 0.303
20243 4.57 0.312
22400 4.106 0.132
22401 4.106 0.12300000000000001
22402 4.106 0.121
22403 4.106 0.19399999999999998
24840 7.657 0.099
24841 7.657 0.11699999999999999
7080 92.944 0.6809999999999999
7081 92.944 0.6809999999999999
7082 92.944 0.642
5340 75.78399999999999 0.546
5341 75.78399999999999 0.598
5342 75.78399999999999 0.98
3600 73.065 0.861
3601 73.065 0.981
3602 73.065 1.147
1860 81.947 0.8170000000000001
1861 81.947 1.1059999999999999
1862 81.947 0.617
120 65.441 0.893
121 65.441 0.735
122 65.441 0.938
8720 139.339 0.684
8721 139.339 0.715
16400 5.939 0.114
16401 5.939 0.168
16402 5.939 0.105
16403 5.939 0.111
25440 6.999 0.205
14080 4.687 0.107
14081 4.687 0.142
14082 4.687 0.129
14083 4.687 0.10099999999999999
11760 4.655 0.113
11761 4.655 0.124
11762 4.655 0.08800000000000001
11763 4.655 0.113
9440 4.487 0.07400000000000001
9441 4.487 0.075
9442 4.487 0.071
9443 4.487 0.094
20320 4.53 0.314
20321 4.53 0.271
20322 4.53 0.303
20323 4.53 0.312
22480 4.148 0.132
22481 4.148 0.12300000000000001
22482 4.148 0.121
22483 4.148 0.19399999999999998
18560 7.944 0.161
18561 7.944 0.20199999999999999
7140 92.625 0.6809999999999999
7141 92.625 0.6809999999999999
7142 92.625 0.642
5400 75.423 0.546
5401 75.423 0.598
5402 75.423 0.98
3660 73.319 0.861
3661 73.319 0.981
3662 73.319 1.147
1920 82.214 0.8170000000000001
1921 82.214 1.1059999999999999
1922 82.214 0.617
180 66.27199999999999 0.893
181 66.27199999999999 0.735
182 66.27199999999999 0.938
8760 135.963 0.684
8761 135.963 0.715
16480 5.492000000000001 0.114
16481 5.492000000000001 0.168
16482 5.492000000000001 0.105
16483 5.492000000000001 0.111
14160 4.458 0.107
14161 4.458 0.142
14162 4.458 0.129
14163 4.458 0.10099999999999999
11840 4.376 0.113
11841 4.376 0.124
11842 4.376 0.08800000000000001
11843 4.376 0.113
9520 4.43 0.07400000000000001
9521 4.43 0.075
9522 4.43 0.071
9523 4.43 0.094
20400 4.4110000000000005 0.314
20401 4.4110000000000005 0.271
20402 4.4110000000000005 0.303
20403 4.4110000000000005 0.312
22560 4.034 0.132
22561 4.034 0.12300000000000001
22562 4.034 0.121
22563 4.034 0.19399999999999998
18600 7.053999999999999 0.161
18601 7.053999999999999 0.20199999999999999
7200 92.441 0.6809999999999999
7201 92.441 0.6809999999999999
7202 92.441 0.642
5460 76.07600000000001 0.546
5461 76.07600000000001 0.598
5462 76.07600000000001 0.98
3720 73.983 0.861
3721 73.983 0.981
3722 73.983 1.147
1980 83.23899999999999 0.8170000000000001
1981 83.23899999999999 1.1059999999999999
1982 83.23899999999999 0.617
240 65.748 0.893
241 65.748 0.735
242 65.748 0.938
8800 139.572 0.684
8801 139.572 0.715
16560 5.88 0.114
16561 5.88 0.168
16562 5.88 0.105
16563 5.88 0.111
25460 7.561 0.205
14240 4.379 0.107
14241 4.379 0.142
14242 4.379 0.129
14243 4.379 0.10099999999999999
11920 4.431 0.113
11921 4.431 0.124
11922 4.431 0.08800000000000001
11923 4.431 0.113
9600 4.433 0.07400000000000001
9601 4.433 0.075
9602 4.433 0.071
9603 4.433 0.094
20480 4.427 0.314
20481 4.427 0.271
20482 4.427 0.303
20483 4.427 0.312
22640 4.046 0.132
22641 4.046 0.12300000000000001
22642 4.046 0.121
22643 4.046 0.19399999999999998
18640 7.598 0.161
18641 7.598 0.20199999999999999
7260 90.829 0.6809999999999999
7261 90.829 0.6809999999999999
7262 90.829 0.642
5520 75.733 0.546
5521 75.733 0.598
5522 75.733 0.98
3780 76.18 0.861
3781 76.18 0.981
3782 76.18 1.147
2040 84.329 0.8170000000000001
2041 84.329 1.1059999999999999
2042 84.329 0.617
19080 104.471 0.562
19081 104.471 1.945
300 66.514 0.893
301 66.514 0.735
302 66.514 0.938
19680 142.006 0.705
19681 142.006 0.584
16640 5.5889999999999995 0.114
16641 5.5889999999999995 0.168
16642 5.5889999999999995 0.105
16643 5.5889999999999995 0.111
14320 4.119 0.107
14321 4.119 0.142
14322 4.119 0.129
14323 4.119 0.10099999999999999
12000 4.485 0.113
12001 4.485 0.124
12002 4.485 0.08800000000000001
12003 4.485 0.113
9680 4.36 0.07400000000000001
9681 4.36 0.075
9682 4.36 0.071
9683 4.36 0.094
24280 5.3229999999999995 0.12
24281 5.3229999999999995 0.114
20560 4.031000000000001 0.314
20561 4.031000000000001 0.271
20562 4.031000000000001 0.303
20563 4.031000000000001 0.312
22720 4.248 0.132
22721 4.248 0.12300000000000001
22722 4.248 0.121
22723 4.248 0.19399999999999998
24880 7.417000000000001 0.099
24881 7.417000000000001 0.11699999999999999
7320 92.18299999999999 0.6809999999999999
7321 92.18299999999999 0.6809999999999999
7322 92.18299999999999 0.642
5580 75.904 0.546
5581 75.904 0.598
5582 75.904 0.98
3840 75.703 0.861
3841 75.703 0.981
3842 75.703 1.147
2100 83.90700000000001 0.8170000000000001
2101 83.90700000000001 1.1059999999999999
2102 83.90700000000001 0.617
19120 98.575 0.562
19121 98.575 1.945
360 67.024 0.893
361 67.024 0.735
362 67.024 0.938
19720 143.334 0.705
19721 143.334 0.584
16720 5.787999999999999 0.114
16721 5.787999999999999 0.168
16722 5.787999999999999 0.105
16723 5.787999999999999 0.111
14400 4.332 0.107
14401 4.332 0.142
14402 4.332 0.129
14403 4.332 0.10099999999999999
12080 4.492 0.113
12081 4.492 0.124
12082 4.492 0.08800000000000001
12083 4.492 0.113
9760 4.357 0.07400000000000001
9761 4.357 0.075
9762 4.357 0.071
9763 4.357 0.094
24320 5.874 0.12
24321 5.874 0.114
20640 4.085 0.314
20641 4.085 0.271
20642 4.085 0.303
20643 4.085 0.312
22800 4.208 0.132
22801 4.208 0.12300000000000001
22802 4.208 0.121
22803 4.208 0.19399999999999998
24920 7.757000000000001 0.099
24921 7.757000000000001 0.11699999999999999
7380 92.197 0.6809999999999999
7381 92.197 0.6809999999999999
7382 92.197 0.642
5640 75.396 0.546
5641 75.396 0.598
5642 75.396 0.98
3900 75.00399999999999 0.861
3901 75.00399999999999 0.981
3902 75.00399999999999 1.147
2160 83.874 0.8170000000000001
2161 83.874 1.1059999999999999
2162 83.874 0.617
19160 104.697 0.562
19161 104.697 1.945
420 66.736 0.893
421 66.736 0.735
422 66.736 0.938
19760 143.114 0.705
19761 143.114 0.584
16800 5.777 0.114
16801 5.777 0.168
16802 5.777 0.105
16803 5.777 0.111
14480 4.518 0.107
14481 4.518 0.142
14482 4.518 0.129
14483 4.518 0.10099999999999999
12160 4.579 0.113
12161 4.579 0.124
12162 4.579 0.08800000000000001
12163 4.579 0.113
9840 4.4639999999999995 0.07400000000000001
9841 4.4639999999999995 0.075
9842 4.4639999999999995 0.071
9843 4.4639999999999995 0.094
24360 5.796 0.12
24361 5.796 0.114
20720 4.294 0.314
20721 4.294 0.271
20722 4.294 0.303
20723 4.294 0.312
22880 4.138 0.132
22881 4.138 0.12300000000000001
22882 4.138 0.121
22883 4.138 0.19399999999999998
24960 7.845 0.099
24961 7.845 0.11699999999999999
7440 92.12700000000001 0.6809999999999999
7441 92.12700000000001 0.6809999999999999
7442 92.12700000000001 0.642
5700 75.442 0.546
5701 75.442 0.598
5702 75.442 0.98
3960 74.187 0.861
3961 74.187 0.981
3962 74.187 1.147
2220 82.80799999999999 0.8170000000000001
2221 82.80799999999999 1.1059999999999999
2222 82.80799999999999 0.617
480 66.654 0.893
481 66.654 0.735
482 66.654 0.938
8840 137.523 0.684
8841 137.523 0.715
16880 5.803 0.114
16881 5.803 0.168
16882 5.803 0.105
16883 5.803 0.111
14560 4.788 0.107
14561 4.788 0.142
14562 4.788 0.129
14563 4.788 0.10099999999999999
12240 4.678999999999999 0.113
12241 4.678999999999999 0.124
12242 4.678999999999999 0.08800000000000001
12243 4.678999999999999 0.113
9920 4.53 0.07400000000000001
9921 4.53 0.075
9922 4.53 0.071
9923 4.53 0.094
20800 4.423 0.314
20801 4.423 0.271
20802 4.423 0.303
20803 4.423 0.312
22960 4.199 0.132
22961 4.199 0.12300000000000001
22962 4.199 0.121
22963 4.199 0.19399999999999998
18680 7.85 0.161
18681 7.85 0.20199999999999999
7500 93.065 0.6809999999999999
7501 93.065 0.6809999999999999
7502 93.065 0.642
5760 75.646 0.546
5761 75.646 0.598
5762 75.646 0.98
4020 73.39 0.861
4021 73.39 0.981
4022 73.39 1.147
2280 82.395 0.8170000000000001
2281 82.395 1.1059999999999999
2282 82.395 0.617
540 66.107 0.893
541 66.107 0.735
542 66.107 0.938
8880 139.842 0.684
8881 139.842 0.715
16960 6.037999999999999 0.114
16961 6.037999999999999 0.168
16962 6.037999999999999 0.105
16963 6.037999999999999 0.111
25480 7.544 0.205
14640 4.803 0.107
14641 4.803 0.142
14642 4.803 0.129
14643 4.803 0.10099999999999999
12320 4.668 0.113
12321 4.668 0.124
12322 4.668 0.08800000000000001
12323 4.668 0.113
10000 4.582 0.07400000000000001
10001 4.582 0.075
10002 4.582 0.071
10003 4.582 0.094
20880 4.548 0.314
20881 4.548 0.271
20882 4.548 0.303
20883 4.548 0.312
23040 4.246 0.132
23041 4.246 0.12300000000000001
23042 4.246 0.121
23043 4.246 0.19399999999999998
18720 7.872999999999999 0.161
18721 7.872999999999999 0.20199999999999999
7560 92.87200000000001 0.6809999999999999
7561 92.87200000000001 0.6809999999999999
7562 92.87200000000001 0.642
5820 75.303 0.546
5821 75.303 0.598
5822 75.303 0.98
4080 72.944 0.861
4081 72.944 0.981
4082 72.944 1.147
2340 82.04799999999999 0.8170000000000001
2341 82.04799999999999 1.1059999999999999
2342 82.04799999999999 0.617
600 65.865 0.893
601 65.865 0.735
602 65.865 0.938
8920 135.701 0.684
8921 135.701 0.715
17040 5.682 0.114
17041 5.682 0.168
17042 5.682 0.105
17043 5.682 0.111
14720 4.494 0.107
14721 4.494 0.142
14722 4.494 0.129
14723 4.494 0.10099999999999999
12400 4.408 0.113
12401 4.408 0.124
12402 4.408 0.08800000000000001
12403 4.408 0.113
10080 4.496 0.07400000000000001
10081 4.496 0.075
10082 4.496 0.071
10083 4.496 0.094
20960 4.482 0.314
20961 4.482 0.271
20962 4.482 0.303
20963 4.482 0.312
23120 4.091 0.132
23121 4.091 0.12300000000000001
23122 4.091 0.121
23123 4.091 0.19399999999999998
18760 7.235 0.161
18761 7.235 0.20199999999999999
7620 94.45100000000001 0.6809999999999999
7621 94.45100000000001 0.6809999999999999
7622 94.45100000000001 0.642
5880 75.47 0.546
5881 75.47 0.598
5882 75.47 0.98
4140 72.117 0.861
4141 72.117 0.981
4142 72.117 1.147
2400 82.057 0.8170000000000001
2401 82.057 1.1059999999999999
2402 82.057 0.617
19200 97.185 0.562
19201 97.185 1.945
660 64.358 0.893
661 64.358 0.735
662 64.358 0.938
19800 140.884 0.705
19801 140.884 0.584
17120 5.5 0.114
17121 5.5 0.168
17122 5.5 0.105
17123 5.5 0.111
14800 4.251 0.107
14801 4.251 0.142
14802 4.251 0.129
14803 4.251 0.10099999999999999
12480 4.417 0.113
12481 4.417 0.124
12482 4.417 0.08800000000000001
12483 4.417 0.113
10160 4.382 0.07400000000000001
10161 4.382 0.075
10162 4.382 0.071
10163 4.382 0.094
24400 5.15 0.12
24401 5.15 0.114
21040 4.564 0.314
21041 4.564 0.271
21042 4.564 0.303
21043 4.564 0.312
23200 4.0569999999999995 0.132
23201 4.0569999999999995 0.12300000000000001
23202 4.0569999999999995 0.121
23203 4.0569999999999995 0.19399999999999998
25000 7.531000000000001 0.099
25001 7.531000000000001 0.11699999999999999
7680 91.87899999999999 0.6809999999999999
7681 91.87899999999999 0.6809999999999999
7682 91.87899999999999 0.642
5940 75.377 0.546
5941 75.377 0.598
5942 75.377 0.98
4200 75.87899999999999 0.861
4201 75.87899999999999 0.981
4202 75.87899999999999 1.147
2460 83.868 0.8170000000000001
2461 83.868 1.1059999999999999
2462 83.868 0.617
19240 98.766 0.562
19241 98.766 1.945
720 65.867 0.893
721 65.867 0.735
722 65.867 0.938
19840 141.933 0.705
19841 141.933 0.584
17200 5.8870000000000005 0.114
17201 5.8870000000000005 0.168
17202 5.8870000000000005 0.105
17203 5.8870000000000005 0.111
14880 4.4830000000000005 0.107
14881 4.4830000000000005 0.142
14882 4.4830000000000005 0.129
14883 4.4830000000000005 0.10099999999999999
12560 4.401 0.113
12561 4.401 0.124
12562 4.401 0.08800000000000001
12563 4.401 0.113
10240 4.37 0.07400000000000001
10241 4.37 0.075
10242 4.37 0.071
10243 4.37 0.094
24440 5.546 0.12
24441 5.546 0.114
21120 4.449 0.314
21121 4.449 0.271
21122 4.449 0.303
21123 4.449 0.312
23280 4.058 0.132
23281 4.058 0.12300000000000001
23282 4.058 0.121
23283 4.058 0.19399999999999998
25040 7.655 0.099
25041 7.655 0.11699999999999999
7740 90.985 0.6809999999999999
7741 90.985 0.6809999999999999
7742 90.985 0.642
6000 75.58 0.546
6001 75.58 0.598
6002 75.58 0.98
4260 76.442 0.861
4261 76.442 0.981
4262 76.442 1.147
2520 84.819 0.8170000000000001
2521 84.819 1.1059999999999999
2522 84.819 0.617
19280 105.197 0.562
19281 105.197 1.945
780 67.304 0.893
781 67.304 0.735
782 67.304 0.938
19880 143.38 0.705
19881 143.38 0.584
17280 5.729 0.114
17281 5.729 0.168
17282 5.729 0.105
17283 5.729 0.111
14960 4.281000000000001 0.107
14961 4.281000000000001 0.142
14962 4.281000000000001 0.129
14963 4.281000000000001 0.10099999999999999
12640 4.511 0.113
12641 4.511 0.124
12642 4.511 0.08800000000000001
12643 4.511 0.113
10320 4.257 0.07400000000000001
10321 4.257 0.075
10322 4.257 0.071
10323 4.257 0.094
24480 5.787999999999999 0.12
24481 5.787999999999999 0.114
21200 3.977 0.314
21201 3.977 0.271
21202 3.977 0.303
21203 3.977 0.312
25080 7.752999999999999 0.099
25081 7.752999999999999 0.11699999999999999
7800 89.535 0.6809999999999999
7801 89.535 0.6809999999999999
7802 89.535 0.642
6060 75.32300000000001 0.546
6061 75.32300000000001 0.598
6062 75.32300000000001 0.98
4320 77.803 0.861
4321 77.803 0.981
4322 77.803 1.147
2580 85.181 0.8170000000000001
2581 85.181 1.1059999999999999
2582 85.181 0.617
840 67.794 0.893
841 67.794 0.735
842 67.794 0.938
8960 140.596 0.684
8961 140.596 0.715
17360 5.495 0.114
17361 5.495 0.168
17362 5.495 0.105
17363 5.495 0.111
15040 4.635 0.107
15041 4.635 0.142
15042 4.635 0.129
15043 4.635 0.10099999999999999
12720 4.625 0.113
12721 4.625 0.124
12722 4.625 0.08800000000000001
12723 4.625 0.113
10400 4.123 0.07400000000000001
10401 4.123 0.075
10402 4.123 0.071
10403 4.123 0.094
21280 4.002 0.314
21281 4.002 0.271
21282 4.002 0.303
21283 4.002 0.312
18800 7.8020000000000005 0.161
18801 7.8020000000000005 0.20199999999999999
7860 89.889 0.6809999999999999
7861 89.889 0.6809999999999999
7862 89.889 0.642
6120 75.768 0.546
6121 75.768 0.598
6122 75.768 0.98
4380 77.286 0.861
4381 77.286 0.981
4382 77.286 1.147
2640 84.738 0.8170000000000001
2641 84.738 1.1059999999999999
2642 84.738 0.617
900 67.814 0.893
901 67.814 0.735
902 67.814 0.938
9000 139.519 0.684
9001 139.519 0.715
17440 5.515 0.114
17441 5.515 0.168
17442 5.515 0.105
17443 5.515 0.111
15120 4.521 0.107
15121 4.521 0.142
15122 4.521 0.129
15123 4.521 0.10099999999999999
12800 4.663 0.113
12801 4.663 0.124
12802 4.663 0.08800000000000001
12803 4.663 0.113
10480 4.004 0.07400000000000001
10481 4.004 0.075
10482 4.004 0.071
10483 4.004 0.094
21360 3.8960000000000004 0.314
21361 3.8960000000000004 0.271
21362 3.8960000000000004 0.303
21363 3.8960000000000004 0.312
18840 7.65 0.161
18841 7.65 0.20199999999999999
7920 89.374 0.6809999999999999
7921 89.374 0.6809999999999999
7922 89.374 0.642
6180 75.679 0.546
6181 75.679 0.598
6182 75.679 0.98
4440 76.405 0.861
4441 76.405 0.981
4442 76.405 1.147
2700 84.546 0.8170000000000001
2701 84.546 1.1059999999999999
2702 84.546 0.617
960 67.577 0.893
961 67.577 0.735
962 67.577 0.938
9040 138.93 0.684
9041 138.93 0.715
17520 5.941 0.114
17521 5.941 0.168
17522 5.941 0.105
17523 5.941 0.111
15200 4.96 0.107
15201 4.96 0.142
15202 4.96 0.129
15203 4.96 0.10099999999999999
12880 5.001 0.113
12881 5.001 0.124
12882 5.001 0.08800000000000001
12883 5.001 0.113
10560 4.5 0.07400000000000001
10561 4.5 0.075
10562 4.5 0.071
10563 4.5 0.094
21440 4.125 0.314
21441 4.125 0.271
21442 4.125 0.303
21443 4.125 0.312
23360 4.2219999999999995 0.132
23361 4.2219999999999995 0.12300000000000001
23362 4.2219999999999995 0.121
23363 4.2219999999999995 0.19399999999999998
18880 7.902 0.161
18881 7.902 0.20199999999999999
7980 90.735 0.6809999999999999
7981 90.735 0.6809999999999999
7982 90.735 0.642
6240 76.205 0.546
6241 76.205 0.598
6242 76.205 0.98
4500 75.857 0.861
4501 75.857 0.981
4502 75.857 1.147
2760 85.084 0.8170000000000001
2761 85.084 1.1059999999999999
2762 85.084 0.617
1020 68.255 0.893
1021 68.255 0.735
1022 68.255 0.938
9080 142.601 0.684
9081 142.601 0.715
17600 6.05 0.114
17601 6.05 0.168
17602 6.05 0.105
17603 6.05 0.111
25500 8.232000000000001 0.205
15280 4.869 0.107
15281 4.869 0.142
15282 4.869 0.129
15283 4.869 0.10099999999999999
12960 4.918 0.113
12961 4.918 0.124
12962 4.918 0.08800000000000001
12963 4.918 0.113
10640 4.625 0.07400000000000001
10641 4.625 0.075
10642 4.625 0.071
10643 4.625 0.094
21520 4.357 0.314
21521 4.357 0.271
21522 4.357 0.303
21523 4.357 0.312
18920 8.424 0.161
18921 8.424 0.20199999999999999
8040 93.398 0.6809999999999999
8041 93.398 0.6809999999999999
8042 93.398 0.642
6300 74.935 0.546
6301 74.935 0.598
6302 74.935 0.98
4560 73.417 0.861
4561 73.417 0.981
4562 73.417 1.147
2820 82.904 0.8170000000000001
2821 82.904 1.1059999999999999
2822 82.904 0.617
1080 66.35 0.893
1081 66.35 0.735
1082 66.35 0.938
9120 136.81 0.684
9121 136.81 0.715
17680 5.502999999999999 0.114
17681 5.502999999999999 0.168
17682 5.502999999999999 0.105
17683 5.502999999999999 0.111
15360 4.558 0.107
15361 4.558 0.142
15362 4.558 0.129
15363 4.558 0.10099999999999999
13040 4.4719999999999995 0.113
13041 4.4719999999999995 0.124
13042 4.4719999999999995 0.08800000000000001
13043 4.4719999999999995 0.113
10720 4.52 0.07400000000000001
10721 4.52 0.075
10722 4.52 0.071
10723 4.52 0.094
21600 4.475 0.314
21601 4.475 0.271
21602 4.475 0.303
21603 4.475 0.312
23440 4.183 0.132
23441 4.183 0.12300000000000001
23442 4.183 0.121
23443 4.183 0.19399999999999998
18960 7.417000000000001 0.161
18961 7.417000000000001 0.20199999999999999
8100 94.07 0.6809999999999999
8101 94.07 0.6809999999999999
8102 94.07 0.642
6360 75.469 0.546
6361 75.469 0.598
6362 75.469 0.98
4620 72.05 0.861
4621 72.05 0.981
4622 72.05 1.147
2880 81.943 0.8170000000000001
2881 81.943 1.1059999999999999
2882 81.943 0.617
19320 96.80799999999999 0.562
19321 96.80799999999999 1.945
1140 64.357 0.893
1141 64.357 0.735
1142 64.357 0.938
19920 141.464 0.705
19921 141.464 0.584
17760 5.572 0.114
17761 5.572 0.168
17762 5.572 0.105
17763 5.572 0.111
15440 4.381 0.107
15441 4.381 0.142
15442 4.381 0.129
15443 4.381 0.10099999999999999
13120 4.5 0.113
13121 4.5 0.124
13122 4.5 0.08800000000000001
13123 4.5 0.113
10800 4.447 0.07400000000000001
10801 4.447 0.075
10802 4.447 0.071
10803 4.447 0.094
24520 5.255 0.12
24521 5.255 0.114
21680 4.582 0.314
21681 4.582 0.271
21682 4.582 0.303
21683 4.582 0.312
23520 4.09 0.132
23521 4.09 0.12300000000000001
23522 4.09 0.121
23523 4.09 0.19399999999999998
25120 7.789 0.099
25121 7.789 0.11699999999999999
8160 93.77 0.6809999999999999
8161 93.77 0.6809999999999999
8162 93.77 0.642
6420 75.392 0.546
6421 75.392 0.598
6422 75.392 0.98
4680 72.3 0.861
4681 72.3 0.981
4682 72.3 1.147
2940 82.052 0.8170000000000001
2941 82.052 1.1059999999999999
2942 82.052 0.617
19360 103.339 0.562
19361 103.339 1.945
1200 64.48 0.893
1201 64.48 0.735
1202 64.48 0.938
19960 142.062 0.705
19961 142.062 0.584
17840 5.603 0.114
17841 5.603 0.168
17842 5.603 0.105
17843 5.603 0.111
15520 4.55 0.107
15521 4.55 0.142
15522 4.55 0.129
15523 4.55 0.10099999999999999
13200 4.529 0.113
13201 4.529 0.124
13202 4.529 0.08800000000000001
13203 4.529 0.113
10880 4.439 0.07400000000000001
10881 4.439 0.075
10882 4.439 0.071
10883 4.439 0.094
24560 5.433 0.12
24561 5.433 0.114
21760 4.573 0.314
21761 4.573 0.271
21762 4.573 0.303
21763 4.573 0.312
23600 4.1080000000000005 0.132
23601 4.1080000000000005 0.12300000000000001
23602 4.1080000000000005 0.121
23603 4.1080000000000005 0.19399999999999998
25160 7.897 0.099
25161 7.897 0.11699999999999999
8220 93.927 0.6809999999999999
8221 93.927 0.6809999999999999
8222 93.927 0.642
6480 75.806 0.546
6481 75.806 0.598
6482 75.806 0.98
4740 73.08 0.861
4741 73.08 0.981
4742 73.08 1.147
3000 82.365 0.8170000000000001
3001 82.365 1.1059999999999999
3002 82.365 0.617
19400 97.96600000000001 0.562
19401 97.96600000000001 1.945
1260 65.598 0.893
1261 65.598 0.735
1262 65.598 0.938
20000 141.53799999999998 0.705
20001 141.53799999999998 0.584
17920 5.625 0.114
17921 5.625 0.168
17922 5.625 0.105
17923 5.625 0.111
15600 4.376 0.107
15601 4.376 0.142
15602 4.376 0.129
15603 4.376 0.10099999999999999
13280 4.349 0.113
13281 4.349 0.124
13282 4.349 0.08800000000000001
13283 4.349 0.113
10960 4.473 0.07400000000000001
10961 4.473 0.075
10962 4.473 0.071
10963 4.473 0.094
24600 5.666 0.12
24601 5.666 0.114
21840 4.5 0.314
21841 4.5 0.271
21842 4.5 0.303
21843 4.5 0.312
23680 4.121 0.132
23681 4.121 0.12300000000000001
23682 4.121 0.121
23683 4.121 0.19399999999999998
25200 7.742999999999999 0.099
25201 7.742999999999999 0.11699999999999999
8280 93.12299999999999 0.6809999999999999
8281 93.12299999999999 0.6809999999999999
8282 93.12299999999999 0.642
6540 75.668 0.546
6541 75.668 0.598
6542 75.668 0.98
4800 73.363 0.861
4801 73.363 0.981
4802 73.363 1.147
3060 83.295 0.8170000000000001
3061 83.295 1.1059999999999999
3062 83.295 0.617
19440 104.43299999999999 0.562
19441 104.43299999999999 1.945
1320 65.175 0.893
1321 65.175 0.735
1322 65.175 0.938
20040 141.88 0.705
20041 141.88 0.584
18000 5.669 0.114
18001 5.669 0.168
18002 5.669 0.105
18003 5.669 0.111
15680 4.333 0.107
15681 4.333 0.142
15682 4.333 0.129
15683 4.333 0.10099999999999999
13360 4.561 0.113
13361 4.561 0.124
13362 4.561 0.08800000000000001
13363 4.561 0.113
11040 4.41 0.07400000000000001
11041 4.41 0.075
11042 4.41 0.071
11043 4.41 0.094
24640 5.64 0.12
24641 5.64 0.114
21920 4.4719999999999995 0.314
21921 4.4719999999999995 0.271
21922 4.4719999999999995 0.303
21923 4.4719999999999995 0.312
23760 4.133 0.132
23761 4.133 0.12300000000000001
23762 4.133 0.121
23763 4.133 0.19399999999999998
25240 7.832000000000001 0.099
25241 7.832000000000001 0.11699999999999999
8340 94.103 0.6809999999999999
8341 94.103 0.6809999999999999
8342 94.103 0.642
6600 75.35600000000001 0.546
6601 75.35600000000001 0.598
6602 75.35600000000001 0.98
4860 72.903 0.861
4861 72.903 0.981
4862 72.903 1.147
3120 82.36200000000001 0.8170000000000001
3121 82.36200000000001 1.1059999999999999
3122 82.36200000000001 0.617
19480 98.20100000000001 0.562
19481 98.20100000000001 1.945
1380 65.407 0.893
1381 65.407 0.735
1382 65.407 0.938
20080 142.34 0.705
20081 142.34 0.584
18080 5.492999999999999 0.114
18081 5.492999999999999 0.168
18082 5.492999999999999 0.105
18083 5.492999999999999 0.111
15760 4.377 0.107
15761 4.377 0.142
15762 4.377 0.129
15763 4.377 0.10099999999999999
13440 4.471 0.113
13441 4.471 0.124
13442 4.471 0.08800000000000001
13443 4.471 0.113
11120 4.4510000000000005 0.07400000000000001
11121 4.4510000000000005 0.075
11122 4.4510000000000005 0.071
11123 4.4510000000000005 0.094
24680 5.897 0.12
24681 5.897 0.114
22000 4.433 0.314
22001 4.433 0.271
22002 4.433 0.303
22003 4.433 0.312
23840 4.138999999999999 0.132
23841 4.138999999999999 0.12300000000000001
23842 4.138999999999999 0.121
23843 4.138999999999999 0.19399999999999998
25280 7.976 0.099
25281 7.976 0.11699999999999999
8400 93.604 0.6809999999999999
8401 93.604 0.6809999999999999
8402 93.604 0.642
6660 75.133 0.546
6661 75.133 0.598
6662 75.133 0.98
4920 72.595 0.861
4921 72.595 0.981
4922 72.595 1.147
3180 82.155 0.8170000000000001
3181 82.155 1.1059999999999999
3182 82.155 0.617
19520 103.7 0.562
19521 103.7 1.945
1440 64.835 0.893
1441 64.835 0.735
1442 64.835 0.938
20120 141.944 0.705
20121 141.944 0.584
18160 5.489 0.114
18161 5.489 0.168
18162 5.489 0.105
18163 5.489 0.111
15840 4.598 0.107
15841 4.598 0.142
15842 4.598 0.129
15843 4.598 0.10099999999999999
13520 4.607 0.113
13521 4.607 0.124
13522 4.607 0.08800000000000001
13523 4.607 0.113
11200 4.444 0.07400000000000001
11201 4.444 0.075
11202 4.444 0.071
11203 4.444 0.094
24720 5.443 0.12
24721 5.443 0.114
22080 4.558 0.314
22081 4.558 0.271
22082 4.558 0.303
22083 4.558 0.312
23920 4.127 0.132
23921 4.127 0.12300000000000001
23922 4.127 0.121
23923 4.127 0.19399999999999998
25320 7.874 0.099
25321 7.874 0.11699999999999999
8460 92.765 0.6809999999999999
8461 92.765 0.6809999999999999
8462 92.765 0.642
6720 75.355 0.546
6721 75.355 0.598
6722 75.355 0.98
4980 72.741 0.861
4981 72.741 0.981
4982 72.741 1.147
3240 81.99700000000001 0.8170000000000001
3241 81.99700000000001 1.1059999999999999
3242 81.99700000000001 0.617
1500 65.303 0.893
1501 65.303 0.735
1502 65.303 0.938
9160 136.389 0.684
9161 136.389 0.715
18240 5.792999999999999 0.114
18241 5.792999999999999 0.168
18242 5.792999999999999 0.105
18243 5.792999999999999 0.111
15920 4.488 0.107
15921 4.488 0.142
15922 4.488 0.129
15923 4.488 0.10099999999999999
13600 4.6080000000000005 0.113
13601 4.6080000000000005 0.124
13602 4.6080000000000005 0.08800000000000001
13603 4.6080000000000005 0.113
11280 4.482 0.07400000000000001
11281 4.482 0.075
11282 4.482 0.071
11283 4.482 0.094
22160 4.5360000000000005 0.314
22161 4.5360000000000005 0.271
22162 4.5360000000000005 0.303
22163 4.5360000000000005 0.312
24000 4.143 0.132
24001 4.143 0.12300000000000001
24002 4.143 0.121
24003 4.143 0.19399999999999998
19000 7.776 0.161
19001 7.776 0.20199999999999999
8520 94.1 0.6809999999999999
8521 94.1 0.6809999999999999
8522 94.1 0.642
6780 75.559 0.546
6781 75.559 0.598
6782 75.559 0.98
5040 71.98100000000001 0.861
5041 71.98100000000001 0.981
5042 71.98100000000001 1.147
3300 81.91199999999999 0.8170000000000001
3301 81.91199999999999 1.1059999999999999
3302 81.91199999999999 0.617
19560 96.905 0.562
19561 96.905 1.945
1560 64.358 0.893
1561 64.358 0.735
1562 64.358 0.938
20160 141.0 0.705
20161 141.0 0.584
18320 5.468999999999999 0.114
18321 5.468999999999999 0.168
18322 5.468999999999999 0.105
18323 5.468999999999999 0.111
16000 4.217 0.107
16001 4.217 0.142
16002 4.217 0.129
16003 4.217 0.10099999999999999
13680 4.433 0.113
13681 4.433 0.124
13682 4.433 0.08800000000000001
13683 4.433 0.113
11360 4.38 0.07400000000000001
11361 4.38 0.075
11362 4.38 0.071
11363 4.38 0.094
24760 5.204 0.12
24761 5.204 0.114
22240 4.562 0.314
22241 4.562 0.271
22242 4.562 0.303
22243 4.562 0.312
24080 4.0569999999999995 0.132
24081 4.0569999999999995 0.12300000000000001
24082 4.0569999999999995 0.121
24083 4.0569999999999995 0.19399999999999998
25360 7.664 0.099
25361 7.664 0.11699999999999999
8580 92.926 0.6809999999999999
8581 92.926 0.6809999999999999
8582 92.926 0.642
6840 77.548 0.546
6841 77.548 0.598
6842 77.548 0.98
5100 69.655 0.861
5101 69.655 0.981
5102 69.655 1.147
3360 83.387 0.8170000000000001
3361 83.387 1.1059999999999999
3362 83.387 0.617
19600 98.17399999999999 0.562
19601 98.17399999999999 1.945
1620 65.085 0.893
1621 65.085 0.735
1622 65.085 0.938
20200 141.719 0.705
20201 141.719 0.584
18400 5.747000000000001 0.114
18401 5.747000000000001 0.168
18402 5.747000000000001 0.105
18403 5.747000000000001 0.111
16080 3.9960000000000004 0.107
16081 3.9960000000000004 0.142
16082 3.9960000000000004 0.129
16083 3.9960000000000004 0.10099999999999999
13760 4.1610000000000005 0.113
13761 4.1610000000000005 0.124
13762 4.1610000000000005 0.08800000000000001
13763 4.1610000000000005 0.113
11440 4.151 0.07400000000000001
11441 4.151 0.075
11442 4.151 0.071
11443 4.151 0.094
24800 5.505 0.12
24801 5.505 0.114
22320 4.466 0.314
22321 4.466 0.271
22322 4.466 0.303
22323 4.466 0.312
24160 4.016 0.132
24161 4.016 0.12300000000000001
24162 4.016 0.121
24163 4.016 0.19399999999999998
25400 7.65 0.099
25401 7.65 0.11699999999999999
